68
36
5565
4966
3346
3396
4146
3096
2713
2409
275
2735
2386
1901
6072
2716
216
22
3903
2700
2700
2073
1702
231
3377
3016
2586
1652
2726
279
23
4094
4059
3741
2567
761
19
13
2847
2936
2377
1740
2563
1896
1552
186
1874
1844
1919
1191
1816
87
1843
1900
1615
1461
1514
180
41
1933
1812
1763
1386
1345
113
1797
1889
1445
1452
1559
198
1739
1794
1464
1279
1601
171
22
744
2424
1959
60
51
30
1929
1745
2143
1709
1294
1527
198
2164
1631
1859
1447
1514
137
36
2104
1584
1449
1102
1774
1462
1626
73
2484
1723
104
2427
2587
2220
1142
1934
121
23
2509
2284
2068
1088
2030
38
1940
2342
5581
2333
1931
140
1794
2055
1658
1497
1161
113
14
2374
1885
1606
1690
1354
1266
1309
89
2265
1721
150
26
1612
2178
1539
1067
1325
85
36
1778
2336
1487
1025
1659
183
1819
1781
1924
1256
1526
108
14
1804
1615
1558
810
1603
94
23
2141
1759
1506
1271
1633
154
14
2028
2033
1346
1031
1290
42
1961
1751
1505
1477
1892
81
2100
1905
1682
1370
985
27
1804
1760
1951
1058
1150
363
2765
2281
1064
1438
1698
122
14
2106
1811
1751
1433
1034
73
26
1775
2032
1607
861
1534
371
1794
1965
1408
1762
1329
188
2288
1900
2101
48
13
2933
2330
2483
1949
1898
2025
243
2876
2172
117
17
16
19
4723
2681
1876
1339
1414
19
2250
2669
2540
997
1808
171
1909
2541
1722
1606
1664
192
2436
2077
1789
1321
1714
129
2059
1849
1631
1197
2099
206
1712
2338
2103
1130
1693
170
2057
2160
1519
1357
1698
192
22
2118
2170
1681
1454
1849
778
2290
2126
2309
1288
1654
377
2026
2002
2739
1726
1474
255
2156
1680
1979
1207
1831
278
1587
1514
1584
1365
1642
205
1660
950
4254
4569
649
5202
5090
3488
2171
3075
441
2593
2796
2546
2706
3006
411
3591
3528
3534
2142
3887
324
1659
4320
3957
1598
244
23
19
4061
3332
13
3710
3525
2282
1576
1772
272
18
1835
1904
2040
1532
1905
250
13
2387
3224
2471
1566
1308
305
27
2206
2018
1722
1437
1064
390
2065
1802
1693
1392
1129
239
1932
2848
1933
1124
1500
222
1582
2051
2954
1534
2473
139
25
1739
1915
1787
1668
1348
25
22
59
3076
2469
1603
1460
182
1901
1870
1682
2176
1885
357
22
2070
2607
1803
1100
2248
230
1901
2174
1863
12
72
2590
1621
2257
2025
2284
1628
191
1599
1857
1755
1230
1686
263
18
1812
1841
1090
1253
1545
123
1862
1769
1302
1201
2338
153
47
2908
1661
1081
1774
124
13
1919
1288
1073
1025
1383
212
1489
1713
1952
1227
1370
133
1616
2016
2483
1467
2049
291
1184
2822
2027
1542
1754
107
1983
2209
1731
1266
1494
152
2065
2072
1792
1512
1853
248
1740
1739
1495
1656
1244
41
1755
1749
1313
1175
1391
248
2022
2787
1658
1023
1545
207
2076
1416
1421
1130
1377
248
1867
1941
1707
1510
1065
305
13
1824
2049
1371
1299
1752
212
2764
2466
2079
1471
2344
218
4044
2265
1602
2033
317
2209
2231
1190
1413
2097
205
2156
2219
1801
1657
2965
382
1268
2915
3137
132
52
15
4783
2396
2454
1964
35
3096
2441
2282
1467
1432
193
1792
2085
1967
1312
1381
218
1993
2389
2061
2394
1579
15
2136
1946
1762
1342
1718
256
2041
1692
1867
1085
1932
245
22
2175
2356
1869
1468
1756
246
1863
2242
1585
1243
1409
344
2294
1778
1755
1641
1459
261
2024
2490
1504
1695
1706
138
2113
2036
1729
1332
1977
186
1593
3091
1960
769
1844
140
25
2167
1292
1278
75
7063
5804
7226
3616
5742
4501
796
4259
3472
2482
2722
2869
448
24
3425
2794
2954
2501
2883
699
24
2692
3526
3877
2546
2709
471
3469
3498
3835
2530
2564
367
4217
4630
3877
4141
3701
652
2663
4903
2040
23
4712
4395
3661
2073
4832
4032
2054
1477
1808
290
2028
2479
1426
1693
1626
236
2508
2491
1907
1524
1664
948
2617
2325
2451
1140
1696
376
2280
2007
1784
1102
1902
55
13
3380
2690
1348
2035
139
20
2044
2024
1455
1354
1310
275
2424
2985
2014
1105
1524
378
2491
2830
2155
2017
27
3150
2383
2824
1876
2054
321
2384
2472
1881
1816
1361
314
3309
1948
1722
1520
2232
497
2037
2246
1447
1478
1631
128
2102
2114
1964
1427
1416
319
2147
1925
1668
1692
1517
381
2327
1926
1387
1533
1946
89
3157
1933
1257
2051
472
2031
1465
2291
1380
1659
401
2248
3005
2281
1062
1675
304
2034
2520
1944
1398
1384
288
1804
2255
1893
1193
1907
185
1304
2076
1754
1155
1613
410
2437
2596
1823
1951
1983
297
2186
1608
2334
2051
1795
346
1926
1902
1604
1357
1893
227
24
2270
2200
1738
1327
1254
498
20
2616
2477
2305
12
3354
1800
2684
1475
1783
1625
309
1990
2256
2032
1183
1565
254
1983
2445
2312
1510
2380
61
3279
3804
3046
13
15
88
4354
3418
2489
2584
3546
2458
2065
1816
263
28
2407
3639
2551
1925
1989
181
2569
2019
1900
1180
1886
322
2615
2594
1760
1590
1994
409
24
3017
2538
2019
1667
1876
498
2237
2268
1898
1870
2174
540
2397
1947
2057
1860
2270
409
3666
2535
2063
1497
2170
312
2228
2098
2725
1491
2140
450
2057
2181
2339
1414
2924
482
1611
2771
3477
1565
2158
800
15
2555
1839
2331
772
70
33
6421
7069
5017
3192
4838
1063
5227
3848
3631
1899
2978
657
3859
4572
3687
2851
2644
429
3637
3865
3499
2374
3880
755
5594
5592
4690
4243
4763
1564
24
3664
3610
5537
3369
3054
2735
780
3037
3315
2221
1541
1883
564
2525
2627
2374
1618
2259
426
2203
2344
2392
1870
1772
610
2437
2326
1954
1569
1777
442
2476
1934
2048
1586
2268
506
3439
3208
2277
2144
2519
195
4003
2513
1306
